[[[ 2.35672445e-03  3.66786599e-02  2.94446634e-02 ...  0.00000000e+00
    0.00000000e+00  0.00000000e+00]
  [-8.10203777e-03  3.27623815e-02  8.94717251e-02 ...  1.82662619e-10
    2.24003575e-10  1.07122566e-10]
  [-1.28145214e-02  1.20566948e-02  7.62939686e-02 ...  2.49523856e-09
    3.15643145e-09  2.28726302e-09]
  ...
  [-1.17565738e-01  1.92387474e-02  9.94016753e-02 ...  4.29448079e-09
    5.70154347e-09  6.71352359e-09]
  [-1.18820305e-01 -2.58711233e-02  1.80482531e-01 ...  6.46357218e-09
    5.07561938e-09  5.12361728e-09]
  [-1.30017340e-01  1.90779200e-02  2.13959644e-01 ...  6.16468087e-09
    4.77939478e-09  4.45124201e-09]]

 [[-8.10203777e-03  3.27623815e-02  8.94717251e-02 ...  1.82662619e-10
    2.24003575e-10  1.07122566e-10]
  [-1.28145214e-02  1.20566948e-02  7.62939686e-02 ...  2.49523856e-09
    3.15643145e-09  2.28726302e-09]
  [ 1.92813971e-02 -9.43924025e-03  9.92377502e-02 ...  5.83505283e-09
    4.61613409e-09  4.29918307e-09]
  ...
  [-1.18820305e-01 -2.58711233e-02  1.80482531e-01 ...  6.46357218e-09
    5.07561938e-09  5.12361728e-09]
  [-1.30017340e-01  1.90779200e-02  2.13959644e-01 ...  6.16468087e-09
    4.77939478e-09  4.45124201e-09]
  [-1.28746208e-01 -1.84699334e-02  1.64084535e-01 ...  6.22029993e-09
    5.54299616e-09  4.72609737e-09]]

 [[-1.28145214e-02  1.20566948e-02  7.62939686e-02 ...  2.49523856e-09
    3.15643145e-09  2.28726302e-09]
  [ 1.92813971e-02 -9.43924025e-03  9.92377502e-02 ...  5.83505283e-09
    4.61613409e-09  4.29918307e-09]
  [ 2.86861313e-02  6.64140521e-02  5.00844086e-02 ...  6.28902156e-09
    4.52684499e-09  3.72684458e-09]
  ...
  [-1.30017340e-01  1.90779200e-02  2.13959644e-01 ...  6.16468087e-09
    4.77939478e-09  4.45124201e-09]
  [-1.28746208e-01 -1.84699334e-02  1.64084535e-01 ...  6.22029993e-09
    5.54299616e-09  4.72609737e-09]
  [-7.87521659e-02  4.22681075e-02  9.28946506e-02 ...  6.41685975e-09
    3.78402799e-09  4.26977327e-09]]

 ...

 [[ 5.85919273e-02  9.30616717e-02 -1.47299731e-02 ...  6.65579381e-09
    5.63234350e-09  5.39933258e-09]
  [ 5.19061953e-02  1.23991038e-01 -3.18535324e-02 ...  3.41657670e-09
    3.68359836e-09  2.80096701e-09]
  [ 4.51370527e-02  1.34492882e-01 -3.57256333e-02 ...  4.60917554e-10
    5.80286969e-10  4.10689941e-10]
  ...
  [ 4.51370527e-02  1.34492882e-01 -3.57256333e-02 ...  4.60917554e-10
    5.80286969e-10  4.10689941e-10]
  [ 4.51370527e-02  1.34492882e-01 -3.57256333e-02 ...  4.60917554e-10
    5.80286969e-10  4.10689941e-10]
  [ 4.51370527e-02  1.34492882e-01 -3.57256333e-02 ...  4.60917554e-10
    5.80286969e-10  4.10689941e-10]]

 [[ 5.19061953e-02  1.23991038e-01 -3.18535324e-02 ...  3.41657670e-09
    3.68359836e-09  2.80096701e-09]
  [ 4.51370527e-02  1.34492882e-01 -3.57256333e-02 ...  4.60917554e-10
    5.80286969e-10  4.10689941e-10]
  [ 4.51370527e-02  1.34492882e-01 -3.57256333e-02 ...  4.60917554e-10
    5.80286969e-10  4.10689941e-10]
  ...
  [ 4.51370527e-02  1.34492882e-01 -3.57256333e-02 ...  4.60917554e-10
    5.80286969e-10  4.10689941e-10]
  [ 4.51370527e-02  1.34492882e-01 -3.57256333e-02 ...  4.60917554e-10
    5.80286969e-10  4.10689941e-10]
  [ 4.51370527e-02  1.34492882e-01 -3.57256333e-02 ...  4.60917554e-10
    5.80286969e-10  4.10689941e-10]]

 [[ 4.51370527e-02  1.34492882e-01 -3.57256333e-02 ...  4.60917554e-10
    5.80286969e-10  4.10689941e-10]
  [ 4.51370527e-02  1.34492882e-01 -3.57256333e-02 ...  4.60917554e-10
    5.80286969e-10  4.10689941e-10]
  [ 4.51370527e-02  1.34492882e-01 -3.57256333e-02 ...  4.60917554e-10
    5.80286969e-10  4.10689941e-10]
  ...
  [ 4.51370527e-02  1.34492882e-01 -3.57256333e-02 ...  4.60917554e-10
    5.80286969e-10  4.10689941e-10]
  [ 4.51370527e-02  1.34492882e-01 -3.57256333e-02 ...  4.60917554e-10
    5.80286969e-10  4.10689941e-10]
  [ 4.51370527e-02  1.34492882e-01 -3.57256333e-02 ...  4.60917554e-10
    5.80286969e-10  4.10689941e-10]]]
